[back2.jpg]
filters=finetune2=1,0.000000,0.000000,0.213333,00000000,0.000000;warm=1;finetune2=1,0.000000,0.000000,0.162807,00000000,0.000000;
moddate=80cd600a35f1ce01
width=1280
height=960
textactive=0
